Exon1	Exon2	gene	cellType	in_in	in_out	out_in	out_out	pval	logOddsRatio	FDR	phastcons_1	phastcons_2	phastcons_mean	LOR_abs	phastcons_min	phastcons_max
chr6_56602878_56603031_-	chr6_56603205_56603420_-	ENSG00000151914.20	pseudoBulk	456	0	0	2744	0	22.2549547803376	0	0.907338	0.707454	0.807396	22.2549547803376	0.707454	0.907338
chr21_37088196_37088346_+	chr21_37088799_37088886_+	ENSG00000182670.13	pseudoBulk	513	0	0	263	8.30284158146727e-170	19.0417340048994	2.98640660310169e-167	0.901126	0.998443	0.949785	19.0417340048994	0.901126	0.998443
chr7_152220523_152220735_-	chr7_152222001_152222066_-	ENSG00000055609.18	pseudoBulk	1318	0	1	139	5.21267619090233e-314	18.4830757277316	3.28111144555678e-311	0.997944	0.997803	0.997874	18.4830757277316	0.997803	0.997944
chr1_1313035_1313124_-	chr1_1313509_1313592_-	ENSG00000127054.21	pseudoBulk	456	0	0	73	3.09162902696839e-115	17.0227145730448	4.86505348419023e-113	0.840244	0.466333	0.653288	17.0227145730448	0.466333	0.840244
chr1_39340502_39340717_+	chr1_39340804_39340953_+	ENSG00000127603.29	pseudoBulk	250	0	0	114	3.86960015294251e-80	16.7986742988268	3.56445978617103e-78	0.931116	0.53128	0.731198	16.7986742988268	0.53128	0.931116
chr17_30734897_30734943_+	chr17_30735033_30735097_+	ENSG00000264538.6	pseudoBulk	122	0	0	230	1.41311574975932e-77	16.7762273885073	1.25574162783027e-75	0.845979	0.987892	0.916936	16.7762273885073	0.845979	0.987892
chr15_62023780_62023845_-	chr15_62028358_62028420_-	ENSG00000129003.19	pseudoBulk	1349	4	6	1782	0	16.611993753749	0	0.996712	0.997921	0.997316	16.611993753749	0.996712	0.997921
chr12_28257202_28257245_+	chr12_28259364_28259442_+	ENSG00000123106.10	pseudoBulk	445	0	0	48	9.17628067592046e-107	16.3826240265749	1.283554782856e-104	0.995432	0.817291	0.906362	16.3826240265749	0.817291	0.995432
chr12_27633362_27633460_+	chr12_27634910_27635115_+	ENSG00000110841.14	pseudoBulk	1765	0	10	234	0	16.3338890928546	0	0.630434	0.939752	0.785093	16.3338890928546	0.630434	0.939752
chr1_161102048_161102171_-	chr1_161102287_161102375_-	ENSG00000143256.5	pseudoBulk	680	0	2	83	8.31225510471476e-162	15.7844303674846	2.51142570429234e-159	0.992911	0.989472	0.991192	15.7844303674846	0.989472	0.992911
chr10_20888097_20888207_-	chr10_20889845_20889949_-	ENSG00000078114.18	pseudoBulk	129	0	0	100	7.51786528566611e-51	15.655083445198	4.89528555303091e-49	0.846117	0.951371	0.898744	15.655083445198	0.846117	0.951371
chr2_95958757_95958785_-	chr2_95960473_95960545_-	ENSG00000174501.14	pseudoBulk	271	0	0	46	3.62413095092354e-69	15.6057109974109	2.79331096541218e-67	0.0186207	0.00660274	0.0126117	15.6057109974109	0.00660274	0.0186207
chr3_142425222_142425332_-	chr3_142425429_142425538_-	ENSG00000114127.10	pseudoBulk	325	0	0	21	1.86191043924636e-73	14.7366133306946	1.54546393515e-71	0.996892	0.996418	0.996655	14.7366133306946	0.996418	0.996892
chrX_123696021_123696154_-	chrX_123696721_123696842_-	ENSG00000125676.20	pseudoBulk	429	0	1	29	9.45186624374073e-95	14.6028148326271	1.0983624844848e-92	0.993097	0.995336	0.994217	14.6028148326271	0.993097	0.995336
chr15_85075862_85075918_+	chr15_85076733_85076787_+	ENSG00000073417.15	pseudoBulk	236	1	0	52	6.36502488422275e-62	14.5830827675029	4.71347724030828e-60	0.996912	0.920436	0.958674	14.5830827675029	0.920436	0.996912
chr1_150156066_150156206_+	chr1_150156911_150157015_+	ENSG00000023902.14	pseudoBulk	247	0	0	17	8.39482422075801e-56	14.035830072835	5.87123321547075e-54	0.674993	0.993476	0.834234	14.035830072835	0.674993	0.993476
chr18_76849526_76849668_+	chr18_76851775_76851939_+	ENSG00000130856.16	pseudoBulk	166	0	0	23	5.46836150097909e-41	13.8986013874039	2.993088862646e-39	0.995804	0.996545	0.996174	13.8986013874039	0.995804	0.996545
chr1_77734347_77734416_-	chr1_77736056_77736158_-	ENSG00000077254.14	pseudoBulk	343	0	1	22	2.9669191037559e-74	13.8814963848101	2.51800842326798e-72	0.999086	0.848893	0.92399	13.8814963848101	0.848893	0.999086
chr8_67113805_67113862_+	chr8_67115914_67116122_+	ENSG00000104218.14	pseudoBulk	115	0	0	31	2.55439262044948e-32	13.7996863613313	1.04860351245847e-30	0.959776	0.809053	0.884414	13.7996863613313	0.809053	0.959776
chr3_113875484_113875587_+	chr3_113876165_113876260_+	ENSG00000178075.20	pseudoBulk	565	8	0	99	9.48087900511046e-134	13.7714636773822	1.83622323017407e-131	0.998904	0.95399	0.976447	13.7714636773822	0.95399	0.998904
chr7_95273899_95273986_+	chr7_95274085_95274168_+	ENSG00000158528.12	pseudoBulk	145	0	0	22	2.56687080335781e-36	13.6393407086522	1.19682451346874e-34	0.933477	0.956964	0.945221	13.6393407086522	0.933477	0.956964
chr3_108049619_108049651_-	chr3_108050578_108050602_-	ENSG00000196776.16	pseudoBulk	27	0	1	199	2.64732863081869e-47	13.3915121227071	1.62571429818262e-45	0.989727	0.99716	0.993444	13.3915121227071	0.989727	0.99716
chr8_47727200_47727293_+	chr8_47728933_47729047_+	ENSG00000164808.17	pseudoBulk	180	0	0	14	6.71109568943557e-41	13.2992080183873	3.62081950215336e-39	0.427798	0.548887	0.488343	13.2992080183873	0.427798	0.548887
chr13_98826830_98826887_-	chr13_98829307_98829522_-	ENSG00000088387.19	pseudoBulk	229	1	0	22	1.5162025106687e-51	13.2986354067342	1.00460154183368e-49	0.968983	0.862	0.915492	13.2986354067342	0.862	0.968983
chr4_153292982_153293133_+	chr4_153294305_153294485_+	ENSG00000109654.15	pseudoBulk	154	0	0	16	2.4389333874393e-36	13.2667865406949	1.14423583068943e-34	0.965342	0.988785	0.977064	13.2667865406949	0.965342	0.988785
chr2_61203140_61203263_-	chr2_61204256_61204380_-	ENSG00000115464.15	pseudoBulk	47	0	0	46	3.86409628133542e-21	13.0781508077346	1.04239276424579e-19	0.999282	0.999712	0.999497	13.0781508077346	0.999282	0.999712
chr20_36218876_36218962_+	chr20_36219761_36219844_+	ENSG00000088367.23	pseudoBulk	224	2	0	38	2.464904221656e-54	13.0552824355012	1.69257859271994e-52	0.999598	0.998821	0.999209	13.0552824355012	0.998821	0.999598
chr1_16579193_16579402_-	chr1_16580745_16580956_-	ENSG00000219481.10	pseudoBulk	101	0	0	21	7.54538381057919e-27	13.0505289055306	2.65084513306359e-25	0.00458571	0.00454245	0.00456408	13.0505289055306	0.00454245	0.00458571
chr7_123502944_123503116_-	chr7_123503202_123503363_-	ENSG00000164675.11	pseudoBulk	17	0	0	119	1.84764901852756e-29	12.9822806045583	6.94328350425784e-28	0.727283	0.461698	0.594491	12.9822806045583	0.461698	0.727283
chr3_179614971_179615059_+	chr3_179615983_179616049_+	ENSG00000136521.13	pseudoBulk	92	0	0	18	3.68031928821106e-24	12.6934869574993	1.16313219527491e-22	0.509315	0.833075	0.671195	12.6934869574993	0.509315	0.833075
chr14_93496411_93496466_+	chr14_93497157_93497286_+	ENSG00000133958.13	pseudoBulk	184	0	1	18	5.54506620927248e-41	12.6934869574993	3.01323786396856e-39	0.954161	0.998277	0.976219	12.6934869574993	0.954161	0.998277
chr2_37089640_37089866_+	chr2_37090681_37090722_+	ENSG00000152133.15	pseudoBulk	107	0	0	15	2.26627147439335e-26	12.6483575820097	7.85230063950677e-25	0.993203	0.926214	0.959708	12.6483575820097	0.926214	0.993203
chr18_677345_677444_-	chr18_677743_677872_-	ENSG00000132199.20	pseudoBulk	186	1	5	163	3.18679522687266e-73	12.5659588704517	2.58828854163729e-71	0.97909	0.994923	0.987007	12.5659588704517	0.97909	0.994923
chr6_29942757_29943026_+	chr6_29943268_29943543_+	ENSG00000206503.13	pseudoBulk	314	0	17	161	6.46139431569469e-93	12.5380747857559	7.17726221067317e-91	0.157722	0.00717029	0.0824461	12.5380747857559	0.00717029	0.157722
chr3_141913652_141913836_+	chr3_141915970_141916020_+	ENSG00000069849.11	pseudoBulk	293	1	1	20	2.25608865959217e-60	12.5166849493096	1.63856737486145e-58	0.606665	0.522529	0.564597	12.5166849493096	0.522529	0.606665
chr15_44566217_44566305_-	chr15_44567424_44567592_-	ENSG00000104133.15	pseudoBulk	155	1	0	18	2.65283908010254e-35	12.4460494067166	1.18567505319972e-33	0.942056	0.989781	0.965919	12.4460494067166	0.942056	0.989781
chr15_25409088_25409207_-	chr15_25411908_25411971_-	ENSG00000114062.21	pseudoBulk	34	0	2	158	7.86692625803617e-40	12.3912435894274	4.09806230831515e-38	0.998575	0.998266	0.99842	12.3912435894274	0.998266	0.998575
chr9_128224251_128224389_+	chr9_128226035_128226173_+	ENSG00000106976.21	pseudoBulk	0	13	100	0	2.75102441456164e-24	-12.3442959079158	8.76773830819943e-23	0.999511	0.997763	0.998637	12.3443	0.997763	0.999511
chr8_103652205_103652237_+	chr8_103652624_103652710_+	ENSG00000176406.23	pseudoBulk	11	0	0	110	1.46525228634884e-25	12.240791332162	4.87559957794062e-24	0.996879	0.999149	0.998014	12.240791332162	0.996879	0.999149
chr7_107901738_107901817_+	chr7_107902325_107902393_+	ENSG00000091140.14	pseudoBulk	90	0	0	13	2.95162435669711e-22	12.1922928144708	8.44498026198479e-21	0.99475	0.992855	0.993803	12.1922928144708	0.992855	0.99475
chr5_118939196_118939290_-	chr5_118944559_118944649_-	ENSG00000169570.10	pseudoBulk	104	0	0	11	2.31829339444188e-24	12.1598713367784	7.4833148961165e-23	0.994042	0.884901	0.939472	12.1598713367784	0.884901	0.994042
chr13_48522308_48522403_-	chr13_48524659_48524757_-	ENSG00000136161.12	pseudoBulk	26	0	0	44	5.0358350451335e-16	12.1598713367784	1.16322900682607e-14	0.986563	0.946444	0.966503	12.1598713367784	0.946444	0.986563
chr14_21500495_21500682_-	chr14_21500913_21501129_-	ENSG00000165819.12	pseudoBulk	148	0	2	30	1.23971891722308e-36	12.1163439612375	5.85254451783327e-35	0.997165	0.981682	0.989424	12.1163439612375	0.981682	0.997165
chr4_73113792_73113908_-	chr4_73115821_73115916_-	ENSG00000132466.19	pseudoBulk	565	0	9	35	1.5456932502091e-102	12.1014650728052	2.01296765761229e-100	0.998487	0.999188	0.998838	12.1014650728052	0.998487	0.999188
chr9_97687096_97687261_-	chr9_97689534_97689639_-	ENSG00000136936.11	pseudoBulk	1525	37	2	208	5.53869653959781e-316	12.0655798798498	3.80326306887116e-313	0.995946	0.995075	0.99551	12.0655798798498	0.995075	0.995946
chr19_23807826_23807939_+	chr19_23808719_23808814_+	ENSG00000233836.7	pseudoBulk	88	0	0	12	1.62651653172951e-21	12.0443941193585	4.5502598436732e-20	0.0457456	0.104646	0.0751958	12.0443941193585	0.0457456	0.104646
chr2_158338726_158338907_-	chr2_158338990_158339085_-	ENSG00000153237.18	pseudoBulk	131	0	1	16	8.08953945530935e-30	12.0334230015375	3.11751969943192e-28	0.678247	0.805302	0.741775	12.0334230015375	0.678247	0.805302
chr15_72202454_72202620_-	chr15_72203022_72203188_-	ENSG00000067225.18	pseudoBulk	0	61	91	3	4.28675637812877e-32	-11.8535694770404	1.7408339137607e-30	0.891521	0.998707	0.945114	11.8536	0.891521	0.998707
chr1_146986352_146986524_+	chr1_146988841_146988949_+	ENSG00000268043.7	pseudoBulk	71	1	2	103	7.31048921712745e-37	11.8362476466879	3.4728881534002e-35	0.0624913	0.0745596	0.0685255	11.8362476466879	0.0624913	0.0745596
chr1_29165890_29166064_-	chr1_29166729_29166912_-	ENSG00000116350.17	pseudoBulk	29	0	1	62	7.79791472600295e-20	11.8121773055144	2.03105630928245e-18	0.999103	0.999467	0.999285	11.8121773055144	0.999103	0.999467
chr18_14813104_14813165_+	chr18_14814621_14814711_+	ENSG00000180777.14	pseudoBulk	59	0	0	15	1.68395465894816e-16	11.7895336449704	3.96247779607408e-15	0.00287097	0.00278022	0.0028256	11.7895336449704	0.00278022	0.00287097
chr17_29097788_29097899_-	chr17_29098105_29098224_-	ENSG00000196535.16	pseudoBulk	49	0	0	17	6.08382134454606e-15	11.7021726853655	1.35956893323386e-13	0.91492	0.831817	0.873368	11.7021726853655	0.831817	0.91492
chr10_116901765_116901957_-	chr10_116906627_116906747_-	ENSG00000187164.20	pseudoBulk	12	0	0	68	1.8030533423263e-17	11.6724253419715	4.37914843775308e-16	0.998912	0.999554	0.999233	11.6724253419715	0.998912	0.999554
chr4_3027912_3028001_+	chr4_3029201_3029409_+	ENSG00000125388.20	pseudoBulk	27	0	0	29	5.36524222469865e-13	11.612868497291	1.12885033323487e-11	0.403578	0.6071	0.505339	11.612868497291	0.403578	0.6071
chr14_37247103_37247240_+	chr14_37247829_37247907_+	ENSG00000151338.18	pseudoBulk	129	0	1	12	1.40945483903476e-27	11.5961897561444	5.06959598923626e-26	0.983754	0.976975	0.980365	11.5961897561444	0.976975	0.983754
chr1_236824119_236824219_+	chr1_236825338_236825399_+	ENSG00000116984.13	pseudoBulk	85	0	1	17	3.20034152243948e-21	11.496853777388	8.66430243358206e-20	0.995317	0.741629	0.868473	11.496853777388	0.741629	0.995317
chr8_17934706_17934858_+	chr8_17935134_17935317_+	ENSG00000078674.17	pseudoBulk	50	25	0	715	3.02255964419866e-110	11.4817994316658	4.30765080263986e-108	0.0542157	0.0688533	0.0615345	11.4817994316658	0.0542157	0.0688533
chr16_24750726_24750813_+	chr16_24758339_24758360_+	ENSG00000090905.19	pseudoBulk	77	1	1	36	6.58034430134614e-24	11.4367115421372	2.00418781362011e-22	0.999909	0.999818	0.999864	11.4367115421372	0.999818	0.999909
chr1_32810591_32810766_-	chr1_32810911_32811057_-	ENSG00000134684.10	pseudoBulk	106	1	0	13	9.27461649233932e-24	11.4283601727043	2.8134428238309e-22	0.990597	0.909265	0.949931	11.4283601727043	0.909265	0.990597
chr3_38360339_38360408_+	chr3_38362937_38363017_+	ENSG00000093217.11	pseudoBulk	62	0	0	11	6.12845624917314e-16	11.4136279290242	1.41129800160846e-14	0.913257	0.846938	0.880097	11.4136279290242	0.846938	0.913257
chr5_82252562_82252659_+	chr5_82253314_82253429_+	ENSG00000152348.16	pseudoBulk	102	0	2	26	2.56085375074207e-26	11.3728650601126	8.8324694146123e-25	0.920378	0.570267	0.745322	11.3728650601126	0.570267	0.920378
chr10_103347238_103347297_-	chr10_103347395_103347450_-	ENSG00000156374.16	pseudoBulk	21	0	0	30	7.26360766697805e-12	11.2992080183873	1.47486041281021e-10	0.998767	0.999732	0.999249	11.2992080183873	0.998767	0.999732
chr10_110116259_110116410_+	chr10_110117342_110117422_+	ENSG00000148700.15	pseudoBulk	68	0	0	9	1.98566623256941e-16	11.2573878426927	4.64349741759804e-15	0.991836	0.997383	0.99461	11.2573878426927	0.991836	0.997383
chr14_95140659_95140759_-	chr14_95141683_95141748_-	ENSG00000100697.14	pseudoBulk	233	5	14	660	8.25765008485288e-179	11.1012253419551	3.46517722241565e-176	0.997416	0.997848	0.997632	11.1012253419551	0.997416	0.997848
chr11_47173426_47173482_-	chr11_47173759_47173840_-	ENSG00000149182.15	pseudoBulk	39	0	0	14	4.3055400781219e-12	11.0927571409199	8.88562602939467e-11	0.957719	0.71461	0.836164	11.0927571409199	0.71461	0.957719
chr2_202869536_202869605_-	chr2_202870530_202870656_-	ENSG00000163596.16	pseudoBulk	17	0	1	64	4.34364299898298e-17	11.0874628412503	1.04156181602804e-15	0.110186	0.697543	0.403865	11.0874628412503	0.110186	0.697543
chr11_70365373_70365435_+	chr11_70365941_70365967_+	ENSG00000131626.18	pseudoBulk	16	3	0	196	4.73997037588999e-38	11.0297473433941	2.30985867711164e-36	0.994841	0.996444	0.995642	11.0297473433941	0.994841	0.996444
chr2_127052255_127052362_-	chr2_127053422_127053445_-	ENSG00000136717.15	pseudoBulk	280	41	2	612	1.77266939218761e-165	11.0291188550195	6.08620456491989e-163	0.958648	0.91175	0.935199	11.0291188550195	0.91175	0.958648
chr2_71388623_71388723_+	chr2_71393394_71393645_+	ENSG00000075292.19	pseudoBulk	19	0	2	105	1.27470022394917e-24	10.9621730311097	4.13231691850484e-23	0.209564	0.428599	0.319082	10.9621730311097	0.209564	0.428599
chr9_96933795_96933915_-	chr9_96942603_96942752_-	ENSG00000196312.15	pseudoBulk	17	0	0	27	2.69609909163633e-10	10.8423503434138	5.19506832016269e-09	0.0217603	0.0113067	0.0165335	10.8423503434138	0.0113067	0.0217603
chr1_156407080_156407197_-	chr1_156407842_156407975_-	ENSG00000125462.18	pseudoBulk	99	0	54	478	1.04581094768592e-80	10.7753359258969	9.75235821769566e-79	0.569678	0.0234179	0.296548	10.7753359258969	0.0234179	0.569678
chr4_947709_947892_+	chr4_948116_948615_+	ENSG00000127419.17	pseudoBulk	19	0	0	23	6.85889761387578e-10	10.7714894695006	1.28555527310544e-08	0.329364	0.082618	0.205991	10.7714894695006	0.082618	0.329364
chr5_113524981_113525177_+	chr5_113526586_113526785_+	ENSG00000047188.16	pseudoBulk	138	0	86	544	6.11120644948117e-90	10.7697225433264	6.41115001623342e-88	0.999442	0.998515	0.998978	10.7697225433264	0.998515	0.999442
chr8_38788704_38788819_+	chr8_38819522_38820635_+	ENSG00000147526.20	pseudoBulk	87	0	2	20	1.51789418770107e-21	10.7648715907361	4.26216931623419e-20	0.780103	0.472698	0.626401	10.7648715907361	0.472698	0.780103
chr1_91380912_91380982_-	chr1_91385187_91385234_-	ENSG00000162669.16	pseudoBulk	29	0	0	15	3.01948580533334e-10	10.7648715907361	5.78866278506691e-09	0.998563	0.593063	0.795813	10.7648715907361	0.593063	0.998563
chr20_10292882_10292999_+	chr20_10293161_10293278_+	ENSG00000132639.13	pseudoBulk	0	15	112	2	2.73215875130129e-24	-10.7142455176661	8.74450856732429e-23	0.999754	1	0.999877	10.7142	0.999754	1
chr2_208276712_208276830_+	chr2_208277537_208277708_+	ENSG00000115020.17	pseudoBulk	32	1	0	26	8.10903425549892e-13	10.7004397181411	1.69669356765406e-11	0.996462	0.999151	0.997807	10.7004397181411	0.996462	0.999151
chr2_99462496_99462622_-	chr2_99464922_99464985_-	ENSG00000135945.10	pseudoBulk	582	35	0	48	5.21408435360459e-79	10.6405548266845	4.72984373870135e-77	0.989031	0.993141	0.991086	10.6405548266845	0.989031	0.993141
chr3_129514389_129514554_+	chr3_129517469_129517594_+	ENSG00000163913.12	pseudoBulk	144	0	5	27	1.15029748687237e-31	10.6028844087184	4.59716241136681e-30	0.764639	0.60581	0.685224	10.6028844087184	0.60581	0.764639
chr8_97686668_97686752_+	chr8_97687429_97687605_+	ENSG00000147649.10	pseudoBulk	335	10	0	23	1.5274475349948e-53	10.5896511465148	1.03940500426603e-51	0.999882	0.999277	0.99958	10.5896511465148	0.999277	0.999882
chr12_75298687_75298780_-	chr12_75298871_75298966_-	ENSG00000180881.19	pseudoBulk	30	2	0	50	6.13649342049908e-17	10.5507467853832	1.46609595095104e-15	0.679883	0.911177	0.79553	10.5507467853832	0.679883	0.911177
chr10_7774831_7774891_-	chr10_7775751_7775799_-	ENSG00000151657.12	pseudoBulk	690	68	0	71	2.09206259227091e-84	10.4927368299199	2.07923014012257e-82	0.547803	0.759	0.653401	10.4927368299199	0.547803	0.759
chr14_88601924_88602083_+	chr14_88602828_88603060_+	ENSG00000100722.20	pseudoBulk	16	0	0	22	5.48734740921708e-09	10.4594316186373	9.77547974820217e-08	0.994581	0.994592	0.994587	10.4594316186373	0.994581	0.994592
chr2_84525565_84525738_+	chr2_84528904_84529166_+	ENSG00000115423.19	pseudoBulk	17	0	0	20	8.83041324089149e-09	10.4093909361377	1.55839928102845e-07	0.31292	0.548369	0.430644	10.4093909361377	0.31292	0.548369
chr14_92010986_92011072_-	chr14_92011755_92011795_-	ENSG00000100815.12	pseudoBulk	234	0	21	59	4.36525087236889e-47	10.3606903461665	2.63779277908194e-45	0.759322	0.822122	0.790722	10.3606903461665	0.759322	0.822122
chr6_72260705_72260767_+	chr6_72265960_72266049_+	ENSG00000079841.18	pseudoBulk	19	0	0	17	1.46481320164421e-08	10.3353903546939	2.53768221724358e-07	0.997937	0.998978	0.998457	10.3353903546939	0.997937	0.998978
chr2_233434380_233434484_+	chr2_233434769_233434901_+	ENSG00000077044.10	pseudoBulk	40	0	0	8	1.46873508535651e-10	10.3219280948874	2.88153713120861e-09	0.966933	0.890398	0.928666	10.3219280948874	0.890398	0.966933
chr1_113672615_113672741_+	chr1_113673322_113673465_+	ENSG00000081026.19	pseudoBulk	40	0	0	8	1.46873508535651e-10	10.3219280948874	2.88153713120861e-09	0.650882	0.976299	0.81359	10.3219280948874	0.650882	0.976299
chr2_55876623_55876742_-	chr2_55877746_55877865_-	ENSG00000115380.20	pseudoBulk	114	0	2	11	1.73492752999916e-22	10.292321632802	5.04021973838469e-21	0.997308	0.94925	0.973279	10.292321632802	0.94925	0.997308
chr2_109585126_109585321_-	chr2_109585721_109585838_-	ENSG00000186522.15	pseudoBulk	66	2	0	19	3.24317690848574e-17	10.292321632802	7.80157829519472e-16	0.989015	0.961161	0.975088	10.292321632802	0.961161	0.989015
chr5_111374850_111374912_+	chr5_111376860_111376942_+	ENSG00000152495.11	pseudoBulk	56	1	0	11	1.42849459395874e-13	10.2667865406949	3.05664762886022e-12	0.999143	0.999614	0.999378	10.2667865406949	0.999143	0.999614
chr3_131132745_131132809_+	chr3_131133830_131133956_+	ENSG00000114670.14	pseudoBulk	33	0	0	9	1.71736462780025e-09	10.2143191208008	3.14852233031869e-08	0.989462	0.879291	0.934376	10.2143191208008	0.879291	0.989462
chr10_17161483_17161548_-	chr10_17162166_17162237_-	ENSG00000107614.22	pseudoBulk	37	0	0	8	5.70799770463435e-10	10.2094533656289	1.07786725555149e-08	0.970682	0.889097	0.92989	10.2094533656289	0.889097	0.970682
chr2_211657754_211657828_-	chr2_211657950_211657994_-	ENSG00000178568.15	pseudoBulk	0	44	63	5	3.14520116891095e-21	-10.1147834472499	8.54565021794759e-20	0.99916	0.998733	0.998946	10.1148	0.998733	0.99916
chr8_100038931_100039032_-	chr8_100039962_100040087_-	ENSG00000132554.20	pseudoBulk	23	1	0	24	2.06573018044841e-10	10.1085244567782	4.04229281998346e-09	0.997255	0.886675	0.941965	10.1085244567782	0.886675	0.997255
chr7_128806688_128806858_+	chr7_128807360_128807545_+	ENSG00000128596.17	pseudoBulk	12	1	0	45	7.46944492946177e-12	10.0768155970508	1.51258914053195e-10	0.623836	0.439366	0.531601	10.0768155970508	0.439366	0.623836
chr5_103186320_103186439_+	chr5_103187314_103187376_+	ENSG00000145725.19	pseudoBulk	94	28	0	158	5.29909178080471e-41	10.0510146777971	2.92161075583657e-39	0.999758	0.999794	0.999776	10.0510146777971	0.999758	0.999794
chr1_39523562_39523697_-	chr1_39523807_39523896_-	ENSG00000243970.3	pseudoBulk	74	47	0	314	2.57613871202985e-51	9.94948526284294	1.69204879806733e-49	0.00525735	0.0122778	0.00876757	9.94948526284294	0.00525735	0.0122778
chr19_11513056_11513279_-	chr19_11513804_11514221_-	ENSG00000130159.14	pseudoBulk	35	0	0	7	3.11825219277384e-09	9.93663793900257	5.63477312917891e-08	0.644143	0.407699	0.525921	9.93663793900257	0.407699	0.644143
chr3_39110851_39111017_+	chr3_39112458_39112580_+	ENSG00000168026.18	pseudoBulk	24	0	0	10	6.02943142209324e-08	9.90689059560852	1.02342925960657e-06	0.376503	0.830894	0.603699	9.90689059560852	0.376503	0.830894
chr1_86728403_86728441_+	chr1_86730088_86730111_+	ENSG00000097033.14	pseudoBulk	12	0	0	20	1.2937394003461e-07	9.90689059560852	2.17641616987988e-06	0.996897	0.998583	0.99774	9.90689059560852	0.996897	0.998583
chr15_30835171_30835289_+	chr15_30836194_30836319_+	ENSG00000259845.1	pseudoBulk	7	0	0	34	4.86882136792208e-09	9.89481776330794	8.69410646080211e-08	0.770092	0.944294	0.857193	9.89481776330794	0.770092	0.944294
chr3_167602127_167602275_-	chr3_167604301_167604468_-	ENSG00000174776.11	pseudoBulk	32	0	0	7	1.1886326453762e-08	9.8073549220576	2.06870900334994e-07	0.941698	0.472125	0.706912	9.8073549220576	0.472125	0.941698
chr3_115816614_115816646_-	chr3_115834562_115834597_-	ENSG00000185565.12	pseudoBulk	93	5	10	474	1.72220333286182e-105	9.78404587023157	2.32293939129635e-103	0.998515	0.998472	0.998494	9.78404587023157	0.998472	0.998515
chr19_38727946_38728026_+	chr19_38728316_38728381_+	ENSG00000130402.12	pseudoBulk	0	48	9	1	2.54380531139635e-11	-9.75488750216347	5.11019538134267e-10	0.961519	0.995985	0.978752	9.75489	0.961519	0.995985
chr20_10597695_10597885_+	chr20_10597981_10598101_+	ENSG00000149346.15	pseudoBulk	9	0	0	24	1.12215650833036e-07	9.75488750216347	1.896214179284e-06	0.130581	0.0365207	0.0835509	9.75488750216347	0.0365207	0.130581
chr17_59257122_59257240_+	chr17_59257751_59257840_+	ENSG00000153982.11	pseudoBulk	85	0	4	19	4.57315834129538e-19	9.65731844958129	1.17094286050959e-17	0.997765	0.992078	0.994922	9.65731844958129	0.992078	0.997765
chr17_64886086_64886166_-	chr17_64886815_64886886_-	ENSG00000176809.10	pseudoBulk	13	0	0	15	9.03362553870657e-07	9.60733031374961	1.44871400108309e-05	0.0865926	0.145111	0.115852	9.60733031374961	0.0865926	0.145111
chr1_206599463_206599612_-	chr1_206599733_206599836_-	ENSG00000143486.16	pseudoBulk	48	1	11	174	1.16785682042131e-38	9.56847437793259	5.84190021257755e-37	0.99844	0.998596	0.998518	9.56847437793259	0.99844	0.998596
chr17_78202499_78202603_+	chr17_78202703_78202751_+	ENSG00000183077.15	pseudoBulk	21	0	0	9	4.59428390319669e-07	9.56224242422107	7.52763206844371e-06	0.0561905	0.33649	0.19634	9.56224242422107	0.0561905	0.33649
chr1_36139720_36139819_-	chr1_36140069_36140166_-	ENSG00000054116.12	pseudoBulk	81	0	2	9	9.74738536636191e-16	9.50977500432694	2.23108274162633e-14	0.99374	0.992806	0.993273	9.50977500432694	0.992806	0.99374
chr18_23612092_23612190_-	chr18_23619531_23619629_-	ENSG00000154065.17	pseudoBulk	20	0	0	9	7.36966793715366e-07	9.49185309632967	1.19198974624993e-05	0.84701	0.926162	0.886586	9.49185309632967	0.84701	0.926162
chr3_53673023_53673126_+	chr3_53673713_53673816_+	ENSG00000157388.19	pseudoBulk	0	18	10	0	1.06117416569262e-06	-9.49185309632967	1.69818949555963e-05	1	0.999788	0.999894	9.49185	0.999788	1
chr1_234400231_234400323_-	chr1_234400853_234400948_-	ENSG00000059588.10	pseudoBulk	87	0	22	87	2.7498803140763e-28	9.42645537306016	9.98600863547998e-27	0.186667	0.999177	0.592922	9.42645537306016	0.186667	0.999177
chr12_123654924_123654998_+	chr12_123655771_123655824_+	ENSG00000111358.14	pseudoBulk	30	0	1	11	1.09378063733504e-08	9.36632221424582	1.91687785910886e-07	0.982107	0.861944	0.922025	9.36632221424582	0.861944	0.982107
chr12_96564468_96564554_+	chr12_96564644_96564765_+	ENSG00000188596.11	pseudoBulk	9	0	0	18	1.90603767167725e-06	9.33985000288462	2.99938159937778e-05	0.290667	0.57532	0.432994	9.33985000288462	0.290667	0.57532
chr7_152852126_152852251_+	chr7_152853494_152853577_+	ENSG00000133627.18	pseudoBulk	23	0	0	7	6.802286062944e-07	9.33091687811462	1.10258087565591e-05	0.851643	0.877464	0.864553	9.33091687811462	0.851643	0.877464
chr1_155254084_155254194_-	chr1_155254400_155254456_-	ENSG00000160767.21	pseudoBulk	7	0	0	23	6.802286062944e-07	9.33091687811462	1.10258087565591e-05	0.899036	0.999	0.949018	9.33091687811462	0.899036	0.999
chr13_95986333_95986432_-	chr13_95989973_95990073_-	ENSG00000102595.20	pseudoBulk	125	4	0	10	1.98455906427977e-20	9.28771237954945	5.22304313352253e-19	0.99614	0.80902	0.90258	9.28771237954945	0.80902	0.99614
chr9_137576309_137576402_-	chr9_137577470_137577603_-	ENSG00000148399.13	pseudoBulk	11	0	0	14	4.34504575004365e-06	9.2667865406949	6.61689369360041e-05	0.00776596	0.214343	0.111054	9.2667865406949	0.00776596	0.214343
chr6_36095987_36096066_+	chr6_36100188_36100267_+	ENSG00000112062.10	pseudoBulk	0	9	17	0	3.07464232385756e-06	-9.25738784269265	4.74927395856023e-05	1	0.99825	0.999125	9.25739	0.99825	1
chr8_76986187_76986296_-	chr8_76988307_76988338_-	ENSG00000164751.15	pseudoBulk	37	4	0	33	7.22533942962991e-14	9.2538474849874	1.56826875633832e-12	0.675455	0.00446875	0.339962	9.2538474849874	0.00446875	0.675455
chr11_73718613_73718718_-	chr11_73718785_73718890_-	ENSG00000175582.19	pseudoBulk	0	68	31	7	6.03345730494795e-18	-9.23430422957961	1.48446290181662e-16	0.999981	0.999623	0.999802	9.2343	0.999623	0.999981
chr12_53172346_53172436_-	chr12_53172522_53172648_-	ENSG00000139631.18	pseudoBulk	15	0	0	10	4.57621657391624e-06	9.22881869049588	6.91318287718521e-05	0.891132	0.936787	0.91396	9.22881869049588	0.891132	0.936787
chr1_113895757_113896038_-	chr1_113896258_113896465_-	ENSG00000134262.13	pseudoBulk	173	7	2	48	1.75237963979534e-40	9.21223580630028	9.32140407132858e-39	0.834695	0.97975	0.907223	9.21223580630028	0.834695	0.97975
chr1_83942463_83942679_-	chr1_83952187_83952387_-	ENSG00000137941.17	pseudoBulk	8	1	0	37	5.90382065180866e-09	9.20945336562895	1.04926625536272e-07	0.99212	0.888453	0.940287	9.20945336562895	0.888453	0.99212
chr6_32518054_32518077_-	chr6_32518556_32518666_-	ENSG00000198502.6	pseudoBulk	16	0	1	17	2.55148486768624e-07	9.08746284125034	4.26379231421957e-06	0.00933333	0.516595	0.262964	9.08746284125034	0.00933333	0.516595
chr2_95405553_95405803_+	chr2_95406941_95407157_+	ENSG00000115042.10	pseudoBulk	65	2	0	8	1.44908983681848e-12	9.02236781302845	3.01529748699119e-11	0.5889	0.876005	0.732452	9.02236781302845	0.5889	0.876005
chr19_19878481_19878607_+	chr19_19880051_19880146_+	ENSG00000256771.4	pseudoBulk	44	0	10	58	6.18750842952082e-18	8.99548451887751	1.51742266756387e-16	0.0896929	0.0324583	0.0610756	8.99548451887751	0.0324583	0.0896929
chr1_70187265_70187338_-	chr1_70189092_70189273_-	ENSG00000066557.6	pseudoBulk	82	0	4	12	1.79723487344456e-15	8.94251450533924	4.07663739343224e-14	0.985189	0.987813	0.986501	8.94251450533924	0.985189	0.987813
chr17_50737287_50737479_+	chr17_50738137_50738199_+	ENSG00000108848.16	pseudoBulk	444	517	13	7336	0	8.92073360148913	0	0.972648	0.994397	0.983522	8.92073360148913	0.972648	0.994397
chr2_97578906_97579043_-	chr2_97580462_97580568_-	ENSG00000196912.12	pseudoBulk	133	1	95	329	2.28155020931197e-55	8.84737060090548	1.58104784621559e-53	0.287384	0.00571028	0.146547	8.84737060090548	0.00571028	0.287384
chr22_43755766_43755832_-	chr22_43765305_43765393_-	ENSG00000186976.15	pseudoBulk	50	0	2	9	1.06152341963034e-10	8.81378119121704	2.09349672784282e-09	0.457896	0.55336	0.505628	8.81378119121704	0.457896	0.55336
chr22_42127842_42127983_-	chr22_42128174_42128350_-	ENSG00000100197.22	pseudoBulk	11	0	2	40	8.16270222024052e-10	8.78135971352466	1.52237067803335e-08	0.27543	0.193475	0.234453	8.78135971352466	0.193475	0.27543
chr2_178535732_178535828_+	chr2_178537604_178537691_+	ENSG00000237298.10	pseudoBulk	19	0	6	69	5.43380422799986e-15	8.7714894695006	1.217911038636e-13	0.996938	0.993284	0.995111	8.7714894695006	0.993284	0.996938
chr18_13040830_13040956_+	chr18_13042204_13042334_+	ENSG00000101639.18	pseudoBulk	30	1	2	29	6.81040928050636e-12	8.76487159073609	1.38656675405122e-10	0.588047	0.527565	0.557806	8.76487159073609	0.527565	0.588047
chr15_59650669_59650773_-	chr15_59652206_59652326_-	ENSG00000140307.11	pseudoBulk	157	2	4	22	3.62213057686211e-30	8.75405236752892	1.41027514796509e-28	0.998352	0.987917	0.993135	8.75405236752892	0.987917	0.998352
chr10_53811549_53811619_-	chr10_53816239_53816277_-	ENSG00000150275.18	pseudoBulk	58	3	0	11	4.50762063608678e-12	8.73245011304371	9.27732507535465e-11	0.997662	0.997872	0.997767	8.73245011304371	0.997662	0.997872
chr6_108346988_108347039_+	chr6_108355654_108355755_+	ENSG00000135537.17	pseudoBulk	20	2	0	19	3.93229622215658e-08	8.56985560833095	6.71994064284319e-07	0.996846	0.997804	0.997325	8.56985560833095	0.996846	0.997804
chr6_116572858_116572985_+	chr6_116574058_116574171_+	ENSG00000111832.13	pseudoBulk	86	0	75	163	5.24084578089178e-27	8.54617421843729	1.876119101231e-25	0.965438	0.994482	0.97996	8.54617421843729	0.965438	0.994482
chr4_121809834_121809916_+	chr4_121809967_121810099_+	ENSG00000123737.13	pseudoBulk	0	14	89	7	3.23712009582388e-15	-8.4757334309664	7.29886758921804e-14	0.309205	0.997677	0.653441	8.47573	0.309205	0.997677
chr7_139147145_139147290_+	chr7_139148206_139148377_+	ENSG00000105948.13	pseudoBulk	35	0	3	15	1.39432845330484e-09	8.45121111183233	2.56875517060328e-08	0.995815	0.993477	0.994646	8.45121111183233	0.993477	0.995815
chr12_22517986_22518137_-	chr12_22519115_22519239_-	ENSG00000111731.12	pseudoBulk	0	23	53	7	4.41934488180037e-13	-8.44412748856261	9.3243023701359e-12	0.999658	0.999608	0.999633	8.44413	0.999608	0.999658
chr19_19335718_19335735_+	chr19_19336122_19336187_+	ENSG00000129933.21	pseudoBulk	45	0	2	7	6.71868930701309e-09	8.29920801838728	1.19128710161036e-07	0.998389	0.985667	0.992028	8.29920801838728	0.985667	0.998389
chr11_45945840_45946003_-	chr11_45946076_45946098_-	ENSG00000135365.15	pseudoBulk	0	15	9	1	3.07911743698615e-05	-8.07681559705083	0.000439655045344922	0.999665	1	0.999833	8.07682	0.999665	1
chr11_108405429_108405559_-	chr11_108406763_108406963_-	ENSG00000166323.13	pseudoBulk	117	2	7	31	7.38845099852755e-25	8.01720610791268	2.41592193929748e-23	0.780473	0.915448	0.847961	8.01720610791268	0.780473	0.915448
chrX_19687617_19687691_-	chrX_19694995_19695051_-	ENSG00000147010.18	pseudoBulk	13	7	0	69	5.67196219175288e-12	8.00160925286166	1.15790541102986e-10	0.998933	0.998263	0.998598	8.00160925286166	0.998263	0.998933
chr15_33064957_33065074_-	chr15_33088799_33088974_-	ENSG00000248905.10	pseudoBulk	75	18	0	30	1.88064617329029e-14	7.96578428466209	4.14146938085631e-13	0.975831	0.60142	0.788625	7.96578428466209	0.60142	0.975831
chr6_32580247_32580270_-	chr6_32580746_32580856_-	ENSG00000196126.11	pseudoBulk	542	0	105	24	2.22246439424478e-23	7.95286602440891	6.66155704747502e-22	0.239458	0.178901	0.20918	7.95286602440891	0.178901	0.239458
chr11_31460626_31460714_-	chr11_31463172_31463305_-	ENSG00000148950.11	pseudoBulk	51	0	15	35	6.85867147404695e-13	7.89481776330794	1.43906026070871e-11	0.997461	0.993828	0.995645	7.89481776330794	0.993828	0.997461
chr5_65569878_65569998_+	chr5_65571839_65572286_+	ENSG00000113593.12	pseudoBulk	107	11	0	12	9.66522080986841e-14	7.86699786848501	2.09183696696087e-12	0.997917	0.993647	0.995782	7.86699786848501	0.993647	0.997917
chr13_21421061_21421164_-	chr13_21425652_21425678_-	ENSG00000180776.15	pseudoBulk	58	0	4	8	1.00339271217163e-09	7.85798099512757	1.86216437264433e-08	0.999712	0.992889	0.996301	7.85798099512757	0.992889	0.999712
chr14_80831143_80831294_-	chr14_80836205_80836337_-	ENSG00000100629.17	pseudoBulk	79	3	1	8	4.94866639036852e-12	7.71881824745595	1.01298564574381e-10	0.774882	0.67812	0.726501	7.71881824745595	0.67812	0.774882
chr6_42592151_42592229_+	chr6_42594191_42594304_+	ENSG00000024048.10	pseudoBulk	840	4	50	45	1.66524144133362e-82	7.56224242422107	1.59217792837094e-80	0.999595	0.998088	0.998841	7.56224242422107	0.998088	0.999595
chr11_113852501_113852633_-	chr11_113854258_113854335_-	ENSG00000048028.11	pseudoBulk	487	71	4	107	3.10983704313794e-73	7.51949782897881	2.55323791691356e-71	0.915617	0.990718	0.953167	7.51949782897881	0.915617	0.990718
chrX_24151691_24151800_+	chrX_24152720_24152830_+	ENSG00000005889.15	pseudoBulk	7	0	3	31	3.61840371185748e-06	7.17658873172332	5.5664332858358e-05	0.3209	0.793793	0.557346	7.17658873172332	0.3209	0.793793
chr11_132317655_132317690_+	chr11_132330153_132330185_+	ENSG00000182667.14	pseudoBulk	63	2	52	238	5.51673861860962e-34	7.17165796866677	2.35423938871995e-32	0.998333	0.998182	0.998258	7.17165796866677	0.998182	0.998333
chr1_193069034_193069634_+	chr1_193075820_193076040_+	ENSG00000116747.12	pseudoBulk	99	0	22	16	4.93590171243798e-11	7.16992500144231	9.81125100854983e-10	0.990571	0.986113	0.988342	7.16992500144231	0.986113	0.990571
chr2_73950585_73950732_+	chr2_73957125_73957240_+	ENSG00000114956.20	pseudoBulk	93	55	0	41	3.77323281977608e-12	7.11535110220146	7.80840299026672e-11	0.981007	0.901181	0.941094	7.11535110220146	0.901181	0.981007
chr20_44938061_44938191_+	chr20_44938674_44938748_+	ENSG00000101104.13	pseudoBulk	159	29	0	12	2.60459846808588e-11	7.03986446087794	5.20463719639359e-10	0.986954	0.191907	0.58943	7.03986446087794	0.191907	0.986954
chr6_55514048_55514196_-	chr6_55516508_55516603_-	ENSG00000146151.13	pseudoBulk	28	6	0	14	7.88365132669094e-07	7.02974734339405	1.27239816906389e-05	0.990268	0.984927	0.987598	7.02974734339405	0.984927	0.990268
chr2_203245846_203245895_+	chr2_203246755_203246921_+	ENSG00000119004.16	pseudoBulk	114	46	1	52	6.56637644984523e-18	7.00976777624882	1.6051247007145e-16	0.98548	0.979048	0.982264	7.00976777624882	0.979048	0.98548
chr2_97122887_97122993_+	chr2_97124460_97124597_+	ENSG00000135976.20	pseudoBulk	51	176	0	218	3.12854008131045e-13	6.98117804811112	6.63793821282374e-12	0.0267757	0.195442	0.111109	6.98117804811112	0.0267757	0.195442
chr7_67305987_67306083_+	chr7_67308935_67309139_+	ENSG00000106610.15	pseudoBulk	81	9	0	7	1.59076325848916e-08	6.97727992349992	2.74957515513533e-07	0.386412	0.104093	0.245252	6.97727992349992	0.104093	0.386412
chr11_113698905_113699027_-	chr11_113699595_113699693_-	ENSG00000166682.13	pseudoBulk	21	3	0	9	2.16305653750034e-05	6.97727992349992	0.000311207495076968	0.413764	0.19601	0.304887	6.97727992349992	0.19601	0.413764
chr5_72900006_72900081_+	chr5_72900151_72900224_+	ENSG00000083312.17	pseudoBulk	0	124	9	19	1.31436416446612e-09	-6.8761937983856	2.42735827286897e-08	0.999526	0.999446	0.999486	6.87619	0.999446	0.999526
chr4_86693587_86693674_+	chr4_86701241_86701801_+	ENSG00000163629.13	pseudoBulk	29	2	1	8	4.41590811175741e-06	6.85798099512757	6.71127630708994e-05	0.946045	0.923895	0.93497	6.85798099512757	0.923895	0.946045
chr17_20392364_20392584_+	chr17_20394021_20394230_+	ENSG00000154898.15	pseudoBulk	108	42	0	19	3.57359881063063e-09	6.61049759282829	6.39638835892219e-08	0.0396652	0.0261857	0.0329254	6.61049759282829	0.0261857	0.0396652
chr14_92704640_92704707_-	chr14_92706483_92706653_-	ENSG00000100600.15	pseudoBulk	65	3	5	22	1.03855234948081e-13	6.57490883605723	2.23492398500251e-12	0.317632	0.130813	0.224223	6.57490883605723	0.130813	0.317632
chr5_95906523_95906782_-	chr5_95919424_95919545_-	ENSG00000118985.16	pseudoBulk	96	4	6	23	1.62066546738114e-17	6.52356195605701	3.94887298406652e-16	0.971338	0.997918	0.984628	6.52356195605701	0.971338	0.997918
chr10_73825279_73825347_-	chr10_73828089_73828121_-	ENSG00000148660.20	pseudoBulk	3	43	44	7	2.09575710120337e-14	-6.49337895056063	4.60176020471216e-13	0.999841	0.999606	0.999723	6.49338	0.999606	0.999841
chr19_37770005_37770097_-	chr19_37771564_37771696_-	ENSG00000189144.13	pseudoBulk	10	1	1	9	0.00107436271627186	6.49185309632967	0.0142619904864047	0.972237	0.986549	0.979393	6.49185309632967	0.972237	0.986549
chr13_60439688_60439772_+	chr13_60444683_60444748_+	ENSG00000083544.15	pseudoBulk	174	20	3	30	5.45603808490001e-24	6.44294349584873	1.66848351532889e-22	0.998706	0.997439	0.998072	6.44294349584873	0.997439	0.998706
chr19_23373742_23373837_-	chr19_23374638_23374764_-	ENSG00000167232.14	pseudoBulk	860	9	63	54	1.13365820475592e-76	6.3558754268107	9.95692336558613e-75	0.0284688	0.291087	0.159778	6.3558754268107	0.0284688	0.291087
chr3_195985627_195985789_-	chr3_195986519_195986604_-	ENSG00000185485.14	pseudoBulk	24	53	0	88	5.20567546116457e-08	6.31647366479525	8.85595904434412e-07	0.330417	0.170058	0.250238	6.31647366479525	0.170058	0.330417
chrX_14868923_14869043_-	chrX_14869112_14869141_-	ENSG00000181544.15	pseudoBulk	0	50	15	21	2.18612748292085e-06	-6.15842936260448	3.42586248297683e-05	0.311826	0.373567	0.342696	6.15843	0.311826	0.373567
chr1_92662719_92662865_-	chr1_92663420_92663452_-	ENSG00000067208.14	pseudoBulk	60	0	51	30	3.30915341957538e-07	6.14135584924554	5.46943143852838e-06	0.996626	0.998545	0.997586	6.14135584924554	0.996626	0.998545
chr2_201342370_201342431_-	chr2_201344170_201344263_-	ENSG00000155749.12	pseudoBulk	45	0	22	16	4.98177769040369e-06	6.03242147769238	7.49587104454857e-05	0.756145	0.95166	0.853903	6.03242147769238	0.756145	0.95166
chr17_59119319_59119495_-	chr17_59131281_59131367_-	ENSG00000182628.13	pseudoBulk	28	0	7	8	0.000107866018482233	6	0.00150601349550754	0.944339	0.971805	0.958072	6	0.944339	0.971805
chr1_145393884_145393935_-	chr1_145394978_145395141_-	ENSG00000162825.16	pseudoBulk	41	2	2	6	6.97228834107407e-06	5.94251450533924	0.00010387447937987	0.000653846	0.00332927	0.00199156	5.94251450533924	0.000653846	0.00332927
chr4_75607183_75607361_-	chr4_75614255_75614449_-	ENSG00000138769.11	pseudoBulk	81	1	12	9	9.44239443196784e-08	5.92481250360578	1.59914836936792e-06	0.935006	0.972138	0.953572	5.92481250360578	0.935006	0.972138
chr12_42199136_42199235_-	chr12_42210355_42210454_-	ENSG00000015153.14	pseudoBulk	34	1	53	94	2.71874906005894e-10	5.91413123836478	5.22538210970434e-09	0.99171	0.99755	0.99463	5.91413123836478	0.99171	0.99755
chr5_66068877_66069020_+	chr5_66075024_66075230_+	ENSG00000112851.14	pseudoBulk	13	0	41	95	2.55504156704654e-06	5.91274332185396	3.97921780848123e-05	0.995917	0.998652	0.997285	5.91274332185396	0.995917	0.998652
chr10_113159920_113159992_+	chr10_113161579_113161603_+	ENSG00000148737.17	pseudoBulk	24	28	0	35	7.51648748534215e-06	5.90689059560852	0.000111105489945681	1	0.99896	0.99948	5.90689059560852	0.99896	1
chr12_81283010_81283039_-	chr12_81284241_81284303_-	ENSG00000139220.16	pseudoBulk	89	7	9	41	4.14380825943158e-19	5.85600551208456	1.06461799222847e-17	0.998233	0.997	0.997617	5.85600551208456	0.997	0.998233
chr4_176111575_176111703_+	chr4_176115796_176115979_+	ENSG00000150627.15	pseudoBulk	115	52	0	13	2.87913827415034e-06	5.84549005094437	4.45640016005427e-05	0.666419	0.990761	0.82859	5.84549005094437	0.666419	0.990761
chr9_33539449_33539502_+	chr9_33540078_33540212_+	ENSG00000230453.9	pseudoBulk	52	1	62	67	6.71607899268298e-10	5.81233259821199	1.26191825437578e-08	0.0157222	0.0291852	0.0224537	5.81233259821199	0.0157222	0.0291852
chr11_17269185_17269331_+	chr11_17282789_17282943_+	ENSG00000070081.17	pseudoBulk	2	21	16	3	4.04737876033991e-06	-5.8073549220576	6.1885425255817e-05	0.442129	0.211581	0.326855	5.80735	0.211581	0.442129
chr11_115190888_115190941_-	chr11_115198406_115198438_-	ENSG00000182985.17	pseudoBulk	377	8	192	214	5.73909037402758e-56	5.71492519894865	4.0513593503078e-54	1	0.999636	0.999818	5.71492519894865	0.999636	1
chr17_31016895_31017003_+	chr17_31021049_31021162_+	ENSG00000266865.6	pseudoBulk	11	0	25	57	3.87467195427479e-05	5.64846544302731	0.000550129313952089	0.564266	0.607132	0.585699	5.64846544302731	0.564266	0.607132
chr22_35752613_35752655_-	chr22_35756105_35756144_-	ENSG00000100320.23	pseudoBulk	66	0	165	62	4.01679065323953e-06	5.63226821549951	6.15423050753642e-05	1	1	1	5.63226821549951	1	1
chr10_18642476_18642555_-	chr10_18648490_18648645_-	ENSG00000241058.4	pseudoBulk	167	3	9	8	2.10918287629958e-12	5.62881679031058	4.37677613171924e-11	0.986025	0.854974	0.9205	5.62881679031058	0.854974	0.986025
chr18_58939445_58939621_+	chr18_58948067_58948229_+	ENSG00000074657.13	pseudoBulk	178	9	5	12	4.37394524157733e-16	5.56884283535788	1.01969387762754e-14	0.998718	0.99754	0.998129	5.56884283535788	0.99754	0.998718
chr1_243293091_243293219_+	chr1_243304713_243304777_+	ENSG00000054282.16	pseudoBulk	127	7	58	151	2.20292026897506e-33	5.56175350891207	9.29580977932485e-32	0.406581	0.102062	0.254322	5.56175350891207	0.102062	0.406581
chr13_19837656_19837821_-	chr13_19838700_19838985_-	ENSG00000132950.19	pseudoBulk	343	44	95	570	2.32747948181825e-122	5.54759564825667	3.90674286421041e-120	0.0964398	0.445874	0.271157	5.54759564825667	0.0964398	0.445874
chr15_70895849_70895936_+	chr15_70900922_70901024_+	ENSG00000137821.11	pseudoBulk	107	61	0	13	2.58305997686546e-05	5.51116936697935	0.000370224670564789	0.882591	0.997922	0.940257	5.51116936697935	0.882591	0.997922
chr18_68700405_68700485_-	chr18_68701745_68701790_-	ENSG00000166479.10	pseudoBulk	104	28	1	12	2.64698029285585e-07	5.47804729680464	4.41361031738595e-06	0.992605	1	0.996302	5.47804729680464	0.992605	1
chr14_68878458_68878523_-	chr14_68878989_68879069_-	ENSG00000072110.13	pseudoBulk	42	17	194	2	7.66775671748216e-12	-5.29505826065871	1.54859624972456e-10	0.999424	0.999753	0.999588	5.29506	0.999424	0.999753
chr5_134741063_134741523_+	chr5_134743987_134744052_+	ENSG00000164615.5	pseudoBulk	292	4	34	16	1.43630908217647e-16	5.10236171762968	3.39939364185576e-15	0.927226	0.992924	0.960075	5.10236171762968	0.927226	0.992924
chr10_45963885_45964871_-	chr10_45965789_45965855_-	ENSG00000239883.8	pseudoBulk	10	42	1	138	5.64901838162896e-06	5.03813512888677	8.48294171634738e-05	0.665458	0.885552	0.775505	5.03813512888677	0.665458	0.885552
chr9_36209267_36209320_+	chr9_36210625_36210660_+	ENSG00000122705.17	pseudoBulk	76	79	8	267	2.19464170728991e-30	5.00484269695404	8.63383768837051e-29	0.999778	1	0.999889	5.00484269695404	0.999778	1
chr7_16301421_16301466_-	chr7_16308523_16308627_-	ENSG00000214960.10	pseudoBulk	48	5	22	71	2.74606793843044e-14	4.95334990670118	6.01220337105641e-13	0.996326	0.942629	0.969477	4.95334990670118	0.942629	0.996326
chr9_105479354_105479376_+	chr9_105484381_105484502_+	ENSG00000106701.12	pseudoBulk	136	1	49	11	9.39306963988122e-06	4.93218461577243	0.000138033946012231	1	0.998918	0.999459	4.93218461577243	0.998918	1
chr3_62513638_62513706_-	chr3_62515285_62515320_-	ENSG00000163618.18	pseudoBulk	0	32	22	47	0.000800560526386449	-4.90484276695966	0.0107025485048461	1	0.998583	0.999291	4.90484	0.998583	1
chr17_17882705_17882863_-	chr17_17884634_17884768_-	ENSG00000175662.17	pseudoBulk	455	42	21	55	1.44304294964564e-42	4.8264476030532	8.13422046698696e-41	0.985484	0.95363	0.969557	4.8264476030532	0.95363	0.985484
chr13_77227042_77227157_-	chr13_77233156_77233263_-	ENSG00000005810.18	pseudoBulk	7	4	8	107	4.22854178015301e-07	4.54882190845875	6.95856071194038e-06	0.999026	0.999185	0.999105	4.54882190845875	0.999026	0.999185
chr5_110606164_110606287_-	chr5_110618429_110618562_-	ENSG00000186952.15	pseudoBulk	119	33	2	12	1.29152937031351e-06	4.43538614467065	2.04945701690993e-05	0.890823	0.920612	0.905717	4.43538614467065	0.890823	0.920612
chr5_103096541_103096826_-	chr5_103097590_103097781_-	ENSG00000145723.17	pseudoBulk	27	4	3	9	0.000310071587795932	4.33985000288462	0.00426610076243457	0.924304	0.439729	0.682017	4.33985000288462	0.439729	0.924304
chr18_58709378_58709556_+	chr18_58710921_58710953_+	ENSG00000172175.15	pseudoBulk	44	20	22	0	0.00692259443350652	-4.32192809488736	0.0874398059392002	0.969631	0.996121	0.982876	4.32193	0.969631	0.996121
chr11_85631145_85631316_+	chr11_85631687_85631808_+	ENSG00000171204.13	pseudoBulk	71	0	126	17	0.0057873670618411	4.2599300372551	0.0738415495596202	0.124407	0.438311	0.281359	4.2599300372551	0.124407	0.438311
chr16_27648604_27648735_+	chr16_27654608_27654736_+	ENSG00000047578.13	pseudoBulk	17	16	0	9	0.0160476356834213	4.25738784269265	0.19677586240247	0.468023	0.420116	0.44407	4.25738784269265	0.420116	0.468023
chr10_32689053_32689163_+	chr10_32694879_32694992_+	ENSG00000216937.13	pseudoBulk	5	3	4	45	0.000711980266667742	4.22881869049588	0.00958620199243535	0.634234	0.0160877	0.325161	4.22881869049588	0.0160877	0.634234
chr2_10654481_10654547_-	chr2_10657742_10657891_-	ENSG00000115761.16	pseudoBulk	72	13	3	10	5.85303460191071e-06	4.20645087746743	8.77186694248992e-05	0.947851	0.983427	0.965639	4.20645087746743	0.947851	0.983427
chr9_89418056_89418118_-	chr9_89418363_89418437_-	ENSG00000187764.11	pseudoBulk	14	75	0	48	0.00920390174931785	4.16349873228288	0.115482708983163	0.270333	0.00306667	0.1367	4.16349873228288	0.00306667	0.270333
chr6_82210814_82210910_-	chr6_82211490_82211572_-	ENSG00000005700.15	pseudoBulk	42	3	4	5	0.00113420568233203	4.12928301694497	0.0150299814069659	0.977062	0.900446	0.938754	4.12928301694497	0.900446	0.977062
chr7_90305968_90306085_+	chr7_90306901_90307098_+	ENSG00000105792.19	pseudoBulk	1	10	34	21	0.00413366197099825	-4.01707351335894	0.0531005615196949	0.173297	0.982116	0.577707	4.01707	0.173297	0.982116
chr1_77639449_77639602_-	chr1_77641384_77641446_-	ENSG00000036549.13	pseudoBulk	110	8	6	7	4.24099679883561e-06	4.00375213486111	6.47148912899107e-05	0.995344	0.65473	0.825037	4.00375213486111	0.65473	0.995344
chr12_68325172_68325247_-	chr12_68325441_68325575_-	ENSG00000111554.14	pseudoBulk	0	9	25	29	0.0238009524700255	-3.95580019608947	0.284458384354699	0.914447	0.963807	0.939127	3.9558	0.914447	0.963807
chr3_114046591_114046732_-	chr3_114053597_114053635_-	ENSG00000163617.11	pseudoBulk	72	60	35	433	5.02172413326239e-35	3.89197460361555	2.20529089580282e-33	0.575697	0.401256	0.488476	3.89197460361555	0.401256	0.575697
chr1_93183360_93183495_+	chr1_93183978_93184146_+	ENSG00000122483.17	pseudoBulk	112	23	2	6	0.000449482104072574	3.86875546672175	0.00615056209898263	0.994654	0.857757	0.926206	3.86875546672175	0.857757	0.994654
chr9_35684732_35684807_-	chr9_35685064_35685139_-	ENSG00000198467.16	pseudoBulk	7	144	7	10	2.53656118808407e-06	-3.84799690655495	3.95859855356955e-05	0.997289	0.941132	0.96921	3.848	0.941132	0.997289
chr4_112547285_112547408_-	chr4_112548253_112548380_-	ENSG00000138658.15	pseudoBulk	9	19	1	30	0.00908586579332113	3.82888808360725	0.114191381161899	0.993565	0.949516	0.971541	3.82888808360725	0.949516	0.993565
chr16_30759012_30759101_-	chr16_30759178_30759247_-	ENSG00000196118.12	pseudoBulk	19	0	54	20	0.0247841052081396	3.81496810616748	0.294809177389133	0.259011	0.721886	0.490449	3.81496810616748	0.259011	0.721886
chr16_15047855_15047920_-	chr16_15047997_15048099_-	ENSG00000157045.9	pseudoBulk	10	27	0	19	0.0330208727997389	3.81496810616748	0.383132540991659	0.999712	0.997107	0.998409	3.81496810616748	0.997107	0.999712
chr1_19890385_19890533_+	chr1_19894368_19894480_+	ENSG00000169914.6	pseudoBulk	404	88	18	54	8.37925043201397e-25	3.78374236483565	2.72808982513123e-23	0.987396	0.99785	0.992623	3.78374236483565	0.987396	0.99785
chr5_171957597_171957698_-	chr5_171996890_171997051_-	ENSG00000072803.17	pseudoBulk	2	39	40	57	5.3548673223205e-05	-3.77444029958487	0.000756025445918048	0.999863	0.997444	0.998653	3.77444	0.997444	0.999863
chr1_149783170_149783190_+	chr1_149784003_149784257_+	ENSG00000150337.13	pseudoBulk	96	6	17	14	3.9525288672862e-07	3.71989208080726	6.51855077508806e-06	0.543143	0.249824	0.396483	3.71989208080726	0.249824	0.543143
chr1_59904366_59904516_-	chr1_59904871_59905058_-	ENSG00000134716.11	pseudoBulk	26	0	64	16	0.0308139269354788	3.70043971814109	0.360851748557247	0.042106	0.74142	0.391763	3.70043971814109	0.042106	0.74142
chr1_202445046_202445228_+	chr1_202448989_202449171_+	ENSG00000077157.22	pseudoBulk	13	0	20	10	0.0473409238710549	3.70043971814109	0.540157262799896	0.998104	0.817399	0.907752	3.70043971814109	0.817399	0.998104
chr10_95371326_95371427_-	chr10_95371984_95372049_-	ENSG00000095637.22	pseudoBulk	10	8	14	145	2.9304351935268e-07	3.69448226284469	4.87548414899386e-06	0.998	1	0.999	3.69448226284469	0.998	1
chr4_40073455_40073551_+	chr4_40097227_40097569_+	ENSG00000078177.14	pseudoBulk	11	31	0	17	0.0487997689554611	3.59269814950076	0.555125486397814	0.272072	0.994198	0.633135	3.59269814950076	0.272072	0.994198
chr19_36692392_36692515_+	chr19_36694802_36694876_+	ENSG00000189042.13	pseudoBulk	9	0	88	57	0.0439808948727642	3.54338339696976	0.50334018725952	0.121105	0.669147	0.395126	3.54338339696976	0.121105	0.669147
chr7_148832634_148832750_-	chr7_148836822_148837000_-	ENSG00000106462.11	pseudoBulk	17	36	0	12	0.0549439732526512	3.50250034052918	0.621276719239364	0.998308	0.999676	0.998992	3.50250034052918	0.998308	0.999676
chr8_99507137_99507203_+	chr8_99507770_99507911_+	ENSG00000132549.18	pseudoBulk	17	23	95	12	1.64007742609773e-08	-3.42099222241647	2.82834068509509e-07	0.998642	0.998817	0.99873	3.42099	0.998642	0.998817
chr6_84217799_84217860_-	chr6_84219103_84219214_-	ENSG00000135315.12	pseudoBulk	5	9	9	169	0.000203752751266131	3.38295752828492	0.00281356942350737	0.00974194	0.0814821	0.045612	3.38295752828492	0.00974194	0.0814821
chr2_11457179_11457233_-	chr2_11458281_11458351_-	ENSG00000169016.17	pseudoBulk	8	35	0	22	0.0781552243453242	3.33014860169233	0.855559865614977	0.9986	0.0802958	0.539448	3.33014860169233	0.0802958	0.9986
chr1_159045297_159045464_+	chr1_159049432_159049599_+	ENSG00000163565.18	pseudoBulk	13	0	22	8	0.101608278277551	3.24100809950379	1	0.00291071	0.00411905	0.00351488	3.24100809950379	0.00291071	0.00411905
chr8_132643624_132643686_-	chr8_132656830_132656907_-	ENSG00000129295.9	pseudoBulk	30	0	110	16	0.0844349145513207	3.12553088208386	0.915286805259538	0.167	0.995436	0.581218	3.12553088208386	0.167	0.995436
chr19_50512661_50512810_-	chr19_50512927_50513011_-	ENSG00000204653.10	pseudoBulk	16	0	41	11	0.104966131769932	3.10187961401921	1	0.81062	0.946753	0.878686	3.10187961401921	0.81062	0.946753
chr6_135495814_135495898_-	chr6_135497188_135497249_-	ENSG00000135541.21	pseudoBulk	2422	1003	1026	3620	0	3.09083622544566	0	0.169424	0.100855	0.135139	3.09083622544566	0.100855	0.169424
chr1_213072870_213072986_+	chr1_213077696_213077816_+	ENSG00000136643.12	pseudoBulk	57	0	581	43	0.0778783696739136	3.07676041546231	0.853766499320959	0.995641	0.996017	0.995829	3.07676041546231	0.995641	0.996017
chrX_84475251_84475397_-	chrX_84488024_84488132_-	ENSG00000165259.14	pseudoBulk	18	234	0	54	0.0880549371887035	3.05444778402238	0.948805457138149	0.998993	0.189459	0.594226	3.05444778402238	0.189459	0.998993
chr16_68266593_68266721_+	chr16_68273818_68273904_+	ENSG00000103064.15	pseudoBulk	26	114	0	18	0.09637991062156	3.03747470541866	1	0.451031	0.0191379	0.235084	3.03747470541866	0.0191379	0.451031
chr9_83859156_83859371_-	chr9_83867684_83867860_-	ENSG00000165115.15	pseudoBulk	40	4	5	4	0.0286374540382106	3	0.337456545132935	0.825722	0.991814	0.908768	3	0.825722	0.991814
chr2_25383836_25383889_-	chr2_25387289_25387378_-	ENSG00000138101.18	pseudoBulk	20	49	82	26	1.8814232182272e-09	-2.94989403570484	3.43263509516893e-08	0.997352	0.998122	0.997737	2.94989	0.997352	0.998122
chr15_33815834_33815933_+	chr15_33816862_33816958_+	ENSG00000198838.13	pseudoBulk	2	123	17	141	0.00482693827922739	-2.89042599419079	0.061796120912148	0.99583	0.999567	0.997699	2.89043	0.99583	0.999567
chr16_22096859_22096945_+	chr16_22097572_22097695_+	ENSG00000175267.15	pseudoBulk	46	38	4	24	0.000445248840948334	2.86059694333458	0.00610369296343485	0.0760115	0.466782	0.271397	2.86059694333458	0.0760115	0.466782
chr16_58252727_58252853_+	chr16_58253998_58254159_+	ENSG00000103021.9	pseudoBulk	76	4	16	6	0.0068001450243482	2.83289001416474	0.0861813703389436	0.512567	0.0461358	0.279351	2.83289001416474	0.0461358	0.512567
chr12_122347375_122347479_-	chr12_122351111_122351143_-	ENSG00000130779.20	pseudoBulk	228	375	23	269	1.91159327430271e-20	2.83004363528111	5.04859974437226e-19	0.999743	1	0.999872	2.83004363528111	0.999743	1
chr6_83096731_83096823_+	chr6_83096925_83097115_+	ENSG00000083097.14	pseudoBulk	37	0	125	12	0.133576555319867	2.82863158168802	1	0.280333	0.928037	0.604185	2.82863158168802	0.280333	0.928037
chr1_70043954_70044094_+	chr1_70053026_70053145_+	ENSG00000033122.21	pseudoBulk	20	0	88	15	0.147634525536807	2.76938707185858	1	0.999433	0.996425	0.997929	2.76938707185858	0.996425	0.999433
chr12_101719490_101719516_+	chr12_101720123_101720254_+	ENSG00000111666.11	pseudoBulk	35	0	267	26	0.132162617336198	2.7690268033985	1	0.997296	0.988083	0.99269	2.7690268033985	0.988083	0.997296
chr10_30941575_30941651_-	chr10_30984369_30984426_-	ENSG00000183621.15	pseudoBulk	23	17	2	10	0.0312664769881781	2.75802720969404	0.365019569532712	0.10274	0.131655	0.117197	2.75802720969404	0.10274	0.131655
chr20_46506307_46506458_-	chr20_46512082_46512140_-	ENSG00000198185.11	pseudoBulk	7	2	37	71	0.0256573196791883	2.74764867593334	0.304237913005786	0.132164	0.96839	0.550277	2.74764867593334	0.132164	0.96839
chr19_3453763_3453916_+	chr19_3456550_3456635_+	ENSG00000141905.19	pseudoBulk	26	3	124	95	0.00129397511401531	2.73113651536401	0.0171171436747373	0.869325	0.93757	0.903447	2.73113651536401	0.869325	0.93757
chr18_23421367_23421444_-	chr18_23430631_23430677_-	ENSG00000134490.14	pseudoBulk	61	25	3	8	0.0110931906894298	2.70191864706701	0.13849770728635	0.881577	0.995979	0.938778	2.70191864706701	0.881577	0.995979
chr9_105573655_105573746_+	chr9_105574198_105574332_+	ENSG00000106692.14	pseudoBulk	7	20	0	9	0.224113954008856	2.65535182861255	1	0.28062	0.0968	0.18871	2.65535182861255	0.0968	0.28062
chr7_101318124_101318213_-	chr7_101318956_101319032_-	ENSG00000128581.17	pseudoBulk	37	24	12	48	1.24346569954173e-05	2.62449086490779	0.00018097056086116	0.652578	0.990481	0.82153	2.62449086490779	0.652578	0.990481
chr9_36060119_36060155_+	chr9_36063795_36063880_+	ENSG00000122707.12	pseudoBulk	144	11	13	6	0.00285478402816078	2.59501616538508	0.0369867510197952	0.996135	0.998721	0.997428	2.59501616538508	0.996135	0.998721
chr2_73534824_73534949_+	chr2_73550267_73550437_+	ENSG00000116127.18	pseudoBulk	42	10	5	7	0.0163088740514237	2.55581615506164	0.199655047923101	0.852349	0.613246	0.732797	2.55581615506164	0.613246	0.852349
chr11_19879869_19880127_+	chr11_19884294_19884362_+	ENSG00000166833.21	pseudoBulk	14	39	0	8	0.22816088174545	2.52195270319536	1	0.829174	0.998638	0.913906	2.52195270319536	0.829174	0.998638
chr11_74940785_74940882_-	chr11_74945018_74945085_-	ENSG00000166435.15	pseudoBulk	84	10	37	25	3.27816584542571e-05	2.50479215203717	0.000467193220234318	0.860929	0.598721	0.729825	2.50479215203717	0.598721	0.860929
chr7_64535819_64535936_-	chr7_64544306_64544432_-	ENSG00000173041.12	pseudoBulk	11	1	79	40	0.140647616387955	2.47757896534756	1	0.206661	0.747543	0.477102	2.47757896534756	0.206661	0.747543
chr1_146761882_146762055_+	chr1_146764829_146765043_+	ENSG00000276975.3	pseudoBulk	7	71	0	28	0.231411962944399	2.46496272461053	1	0.532345	0.100233	0.316289	2.46496272461053	0.100233	0.532345
chr14_61995876_61996542_+	chr14_62069603_62069815_+	ENSG00000139973.16	pseudoBulk	51	4	213	89	0.00102828663381809	2.41344915271205	0.0136984873189995	0.854564	0.625197	0.73988	2.41344915271205	0.625197	0.854564
chr1_232533490_232533583_-	chr1_232608912_232608988_-	ENSG00000116991.10	pseudoBulk	0	18	10	70	0.24931096645476	-2.36257007938471	1	0.00559574	0.0101039	0.00784982	2.36257	0.00559574	0.0101039
chr2_48328561_48328702_+	chr2_48346201_48346751_+	ENSG00000170802.16	pseudoBulk	13	0	92	18	0.244543762788942	2.34680276352639	1	0.440444	0.99031	0.715377	2.34680276352639	0.440444	0.99031
chr6_109140421_109140675_+	chr6_109145219_109145381_+	ENSG00000183137.14	pseudoBulk	25	7	48	68	0.000499239132112108	2.3390016082463	0.00681906717117913	0.0640039	0.62246	0.343232	2.3390016082463	0.0640039	0.62246
chr12_25158472_25158563_-	chr12_25161113_25161197_-	ENSG00000118307.19	pseudoBulk	41	9	11	12	0.00656638355388938	2.31315788525963	0.0833586670783881	0.711196	0.829247	0.770222	2.31315788525963	0.711196	0.829247
chr12_88115478_88115570_-	chr12_88117033_88117145_-	ENSG00000198707.16	pseudoBulk	33	2	474	142	0.0281929654973537	2.30539798996488	0.332737896007496	0.967183	0.87292	0.920052	2.30539798996488	0.87292	0.967183
chr19_21310501_21310627_-	chr19_21327960_21328141_-	ENSG00000182141.10	pseudoBulk	58	224	53	993	1.94026354295972e-16	2.27835552603514	4.55141390549802e-15	0.339425	0.00980769	0.174616	2.27835552603514	0.00980769	0.339425
chrX_13703814_13703902_+	chrX_13715720_13715794_+	ENSG00000046651.15	pseudoBulk	9	21	4	45	0.0258892577400049	2.26946067499323	0.306507002326792	0.258865	0.101013	0.179939	2.26946067499323	0.101013	0.258865
chr4_128091347_128091512_+	chr4_128092777_128093031_+	ENSG00000138709.19	pseudoBulk	23	292	0	29	0.263597881211453	2.19171839230457	1	0.958446	0.864824	0.911635	2.19171839230457	0.864824	0.958446
chr18_68734734_68734766_+	chr18_68823366_68823416_+	ENSG00000150636.17	pseudoBulk	21	39	7	59	0.00210561247620241	2.18220333122075	0.0274689059096544	0.00581818	0.0114118	0.00861499	2.18220333122075	0.00581818	0.0114118
chr2_55656305_55656371_-	chr2_55660157_55660193_-	ENSG00000138035.15	pseudoBulk	275	26	14	6	0.00688071014283432	2.18045566893448	0.0870563415102515	0.992552	0.975405	0.983978	2.18045566893448	0.975405	0.992552
chr6_104811311_104811393_-	chr6_104843223_104843298_-	ENSG00000085382.12	pseudoBulk	98	19	46	2	0.0634283893531461	-2.15677962538539	0.707679304164619	0.996253	0.997592	0.996923	2.15678	0.996253	0.997592
chr2_227342745_227342819_+	chr2_227352514_227352573_+	ENSG00000168958.20	pseudoBulk	8	0	67	18	0.326419257574341	2.10383581098454	1	0.999413	0.9993	0.999356	2.10383581098454	0.9993	0.999413
chr3_142054115_142054149_-	chr3_142093061_142093127_-	ENSG00000114126.17	pseudoBulk	33	0	126	8	0.325352333007795	2.06711419585854	1	0.995886	0.994328	0.995107	2.06711419585854	0.994328	0.995886
chr13_72780846_72781003_-	chr13_72781289_72781356_-	ENSG00000083520.15	pseudoBulk	29	43	48	17	0.000155522603191512	-2.06578341904534	0.00216339174237257	0.917981	0.99775	0.957866	2.06578	0.917981	0.99775
chr2_171360422_171360513_-	chr2_171414603_171414726_-	ENSG00000123600.20	pseudoBulk	22	168	0	15	0.3362454960511	1.97400479146706	1	0.631707	0.0819032	0.356805	1.97400479146706	0.0819032	0.631707
chr1_32633262_32633354_-	chr1_32633645_32633727_-	ENSG00000176261.15	pseudoBulk	14	0	52	7	0.394991419646424	1.91427012597412	1	0.0209677	0.997145	0.509056	1.91427012597412	0.0209677	0.997145
chr9_85829463_85829606_+	chr9_85830324_85830576_+	ENSG00000165121.11	pseudoBulk	11	71	0	12	0.384595240708048	1.89464699985377	1	0.547729	0.241617	0.394673	1.89464699985377	0.241617	0.547729
chr2_66439598_66439671_+	chr2_66439843_66439984_+	ENSG00000143995.20	pseudoBulk	13	0	133	18	0.391431950647882	1.81508228408221	1	0.951392	0.998986	0.975189	1.81508228408221	0.951392	0.998986
chr17_31884424_31884505_-	chr17_31884963_31885038_-	ENSG00000108651.10	pseudoBulk	11	162	0	25	0.406369162933768	1.7634378055274	1	0.988146	0.00260526	0.495376	1.7634378055274	0.00260526	0.988146
chr5_147447369_147447495_-	chr5_147453549_147453754_-	ENSG00000113657.13	pseudoBulk	8	0	68	14	0.446773583479009	1.71989208080726	1	0.102047	0.797515	0.449781	1.71989208080726	0.102047	0.797515
chr2_152643419_152643544_+	chr2_152645434_152645527_+	ENSG00000157827.20	pseudoBulk	3	32	35	115	0.0864942388445536	-1.69883046527944	0.934655327360588	0.999071	0.999904	0.999488	1.69883	0.999071	0.999904
chr7_48101824_48101982_+	chr7_48103297_48103411_+	ENSG00000183696.14	pseudoBulk	82	52	10	20	0.00999502512423277	1.65711228647699	0.124993788572705	0.767591	0.986974	0.877282	1.65711228647699	0.767591	0.986974
chr3_52681695_52681820_-	chr3_52682092_52682233_-	ENSG00000163939.18	pseudoBulk	23	54	28	193	0.00105509744212577	1.55377656910402	0.014030905988254	0.993619	0.997465	0.995542	1.55377656910402	0.993619	0.997465
chr4_128965227_128965318_-	chr4_128992167_128992237_-	ENSG00000151466.12	pseudoBulk	45	3	48	9	0.221452970160061	1.49185309632967	1	0.9835	0.450887	0.717194	1.49185309632967	0.450887	0.9835
chr10_103111745_103111805_-	chr10_103139406_103139479_-	ENSG00000076685.18	pseudoBulk	80	6	77	15	0.0900144370407958	1.37706964907982	0.967159996345882	0.993164	0.980459	0.986811	1.37706964907982	0.980459	0.993164
chr9_37126312_37126942_+	chr9_37302188_37302231_+	ENSG00000147905.17	pseudoBulk	54	7	20	1	0.639832235621084	-1.3743955147815	1	0.691515	0.945341	0.818428	1.3744	0.691515	0.945341
chr10_101430345_101430452_+	chr10_101461981_101462058_+	ENSG00000166167.18	pseudoBulk	177	11	20	0	0.557813252071271	-1.31375416344166	1	0.999852	0.999077	0.999464	1.31375	0.999077	0.999852
chr13_41336650_41336756_+	chr13_41355144_41355216_+	ENSG00000172766.19	pseudoBulk	70	9	10	3	0.474712036085801	1.22239242133645	1	0.998159	0.99063	0.994395	1.22239242133645	0.99063	0.998159
chr1_213011208_213011458_-	chr1_213013093_213013418_-	ENSG00000174606.14	pseudoBulk	16	13	212	76	0.0588388685402753	-1.18043265926071	0.659436431740076	0.968988	0.995156	0.982072	1.18043	0.968988	0.995156
chr9_136408999_136409067_-	chr9_136410090_136410239_-	ENSG00000165689.17	pseudoBulk	9	30	31	234	0.0874454927687444	1.17920281503032	0.94358465515818	0.393029	0.910853	0.651941	1.17920281503032	0.393029	0.910853
chr18_79977598_79977701_-	chr18_79986602_79986750_-	ENSG00000141759.15	pseudoBulk	24	154	8	23	0.136693910827859	-1.15826208391673	1	0.951625	0.190617	0.571121	1.15826	0.190617	0.951625
chrX_111097390_111097456_+	chrX_111097575_111097684_+	ENSG00000077264.15	pseudoBulk	28	10	50	39	0.0976026472793402	1.12697285625777	1	0.986687	0.997255	0.991971	1.12697285625777	0.986687	0.997255
chr3_167248608_167248649_-	chr3_167252126_167252211_-	ENSG00000169064.12	pseudoBulk	23	19	99	38	0.0523099116596199	-1.1057946640226	0.594160561798316	0.045619	0.0553605	0.0504897	1.10579	0.045619	0.0553605
chr5_31515454_31515564_-	chr5_31521123_31521215_-	ENSG00000113360.16	pseudoBulk	21	10	27	6	0.312085033207375	-1.09953567355091	1	0.989477	0.999849	0.994663	1.09954	0.989477	0.999849
chr14_102263546_102263616_-	chr14_102280648_102280824_-	ENSG00000080823.23	pseudoBulk	11	56	41	98	0.063866322199826	-1.09076546392318	0.711514400057378	0.997704	0.00653672	0.50212	1.09077	0.00653672	0.997704
chr3_177064920_177065022_-	chr3_177098466_177098541_-	ENSG00000177565.18	pseudoBulk	95	17	16	6	0.286355497797475	1.06735526780176	1	1	0.947632	0.973816	1.06735526780176	0.947632	1
chr20_49165997_49166285_-	chr20_49174195_49174269_-	ENSG00000124214.19	pseudoBulk	33	2	73	9	0.584415840692514	1.02449456192075	1	0.996924	0.45	0.723462	1.02449456192075	0.45	0.996924
chr3_101398861_101399055_-	chr3_101417593_101417790_-	ENSG00000138468.16	pseudoBulk	751	158	188	78	2.80469582964515e-05	0.97970171652178	0.000401229934095149	0.995477	0.998677	0.997077	0.97970171652178	0.995477	0.998677
chrX_30668012_30668118_+	chrX_30674302_30674466_+	ENSG00000198814.12	pseudoBulk	9	104	1	22	0.866934286694793	0.928916901938517	1	0.991019	0.231024	0.611021	0.928916901938517	0.231024	0.991019
chr10_98156093_98156147_+	chr10_98162883_98162975_+	ENSG00000166024.13	pseudoBulk	7	1	26	7	0.951649384189414	0.914270125974116	1	0.0176182	0.00229032	0.00995426	0.914270125974116	0.00229032	0.0176182
chr1_23109585_23109650_-	chr1_23168766_23169024_-	ENSG00000169641.13	pseudoBulk	89	7	580	74	0.312529151550548	0.697922784522809	1	0.0526667	0.206012	0.129339	0.697922784522809	0.0526667	0.206012
chr5_179844152_179844227_-	chr5_179851243_179851424_-	ENSG00000161010.15	pseudoBulk	7	52	1	12	0.999999999999999	0.691877704637668	1	0.0270789	0.093511	0.0602949	0.691877704637668	0.0270789	0.093511
chr11_1456955_1457049_+	chr11_1459192_1459239_+	ENSG00000174672.16	pseudoBulk	107	8	58	7	0.543025813812971	0.690840913331179	1	0.9956	0.999167	0.997383	0.690840913331179	0.9956	0.999167
chr10_63219878_63219983_-	chr10_63264651_63264764_-	ENSG00000171988.19	pseudoBulk	867	57	703	74	0.0126323883315817	0.679070655613508	0.156936285378096	0.997566	0.96714	0.982353	0.679070655613508	0.96714	0.997566
chr8_112954684_112954761_-	chr8_112975837_112976148_-	ENSG00000164796.18	pseudoBulk	10	36	3	7	0.882679151132099	-0.625604485218502	1	0.99941	0.999115	0.999262	0.625604	0.999115	0.99941
chr7_73016329_73016417_+	chr7_73037386_73037525_+	ENSG00000229018.5	pseudoBulk	5	2	23	6	0.999999999999999	-0.616671360448494	1	0.109067	0.433043	0.271055	0.616671	0.109067	0.433043
chr3_9689964_9690143_+	chr3_9697711_9697866_+	ENSG00000163719.20	pseudoBulk	15	23	6	6	0.757611846751376	-0.616671360448494	1	0.983456	0.978077	0.980766	0.616671	0.978077	0.983456
chr7_86947727_86947922_-	chr7_86964904_86965024_-	ENSG00000164659.15	pseudoBulk	51	6	13	1	1	-0.612976876890753	1	0.943204	0.999347	0.971275	0.612977	0.943204	0.999347
chr1_227582514_227582606_+	chr1_227650956_227651076_+	ENSG00000181450.18	pseudoBulk	13	13	12	8	0.706589925901691	-0.584962500721156	1	0.0162043	0.663537	0.339871	0.584963	0.0162043	0.663537
chr7_100405013_100405093_-	chr7_100407228_100407303_-	ENSG00000078487.17	pseudoBulk	36	28	6	7	0.718081285291898	0.584962500721156	1	0.866321	0.990079	0.9282	0.584962500721156	0.866321	0.990079
chr1_52897437_52897484_-	chr1_52906519_52906611_-	ENSG00000121310.17	pseudoBulk	20	45	3	10	0.824236645544314	0.567040592723894	1	0.893375	0.994785	0.94408	0.567040592723894	0.893375	0.994785
chr12_95031349_95031488_-	chr12_95040476_95040597_-	ENSG00000120798.17	pseudoBulk	149	34	36	12	0.430451223393527	0.546743178490666	1	0.961721	0.964664	0.963193	0.546743178490666	0.961721	0.964664
chr1_236243422_236243495_-	chr1_236249885_236249967_-	ENSG00000086619.14	pseudoBulk	184	217	14	12	0.55792973054406	-0.460381697723914	1	0.998946	0.993602	0.996274	0.460382	0.993602	0.998946
chr7_44427571_44427703_-	chr7_44481292_44481461_-	ENSG00000015676.18	pseudoBulk	14	187	1	18	0.99999999999999	0.43038546361228	1	0.991406	0.300518	0.645962	0.43038546361228	0.300518	0.991406
chr4_84896911_84897010_-	chr4_84932270_84932363_-	ENSG00000163625.15	pseudoBulk	131	10	30	3	0.97976662918682	0.389566811762726	1	0.2744	0.779543	0.526971	0.389566811762726	0.2744	0.779543
chr15_85658537_85658590_+	chr15_85662388_85662453_+	ENSG00000170776.22	pseudoBulk	21	133	13	101	0.720809388979404	0.294806751888273	1	0.998481	0.992242	0.995362	0.294806751888273	0.992242	0.998481
chr3_138188455_138188530_+	chr3_138209817_138209893_+	ENSG00000114098.18	pseudoBulk	113	37	312	125	0.409384657010684	0.291107662586077	1	0.995592	0.999312	0.997452	0.291107662586077	0.995592	0.999312
chr3_112993026_112993124_+	chr3_112995135_112995265_+	ENSG00000163607.17	pseudoBulk	73	22	26	9	0.943091289999871	0.19987822354394	1	0.973697	0.968244	0.97097	0.19987822354394	0.968244	0.973697
chr14_74299548_74299675_-	chr14_74300150_74300268_-	ENSG00000119688.21	pseudoBulk	185	10	97	6	0.999999999999998	0.194503024162978	1	0.940438	0.843092	0.891765	0.194503024162978	0.843092	0.940438
chr15_76292619_76292700_-	chr15_76295591_76295737_-	ENSG00000140374.16	pseudoBulk	110	40	10	4	0.999999999999999	0.137503523749935	1	0.972024	0.906456	0.93924	0.137503523749935	0.906456	0.972024
chr5_93994446_93994504_-	chr5_94050731_94050831_-	ENSG00000113391.19	pseudoBulk	57	22	641	262	0.928398565470732	0.0827008504461538	1	0.453559	0.997624	0.725591	0.0827008504461538	0.453559	0.997624
chr6_63646527_63646795_+	chr6_63680000_63680161_+	ENSG00000118482.12	pseudoBulk	396	32	377	29	0.958526048668521	-0.0710830980614826	1	0.999911	0.996951	0.998431	0.0710831	0.996951	0.999911
chr4_87980046_87980126_+	chr4_87980393_87980434_+	ENSG00000118785.14	pseudoBulk	1064	487	229	101	0.828352511208092	-0.0534878319263017	1	0.986259	0.908262	0.947261	0.0534878	0.908262	0.986259
chr1_112583972_112584126_-	chr1_112591525_112591603_-	ENSG00000007341.19	pseudoBulk	123	45	11	4	0.999999999999999	-0.00877020962773215	1	0.9816	0.898494	0.940047	0.00877021	0.898494	0.9816
