dPI	PercentageSig	StandardError	EndSite
0.1	3.11023622047244	0.34444412178398	TSS
0.2	2.44094488188976	0.306193467398282	TSS
0.3	1.81102362204724	0.26459191252803	TSS
0.4	1.14173228346457	0.210800569762852	TSS
0.5	0.826771653543307	0.179669002303326	TSS
0.6	0.551181102362205	0.146902814342208	TSS
0.7	0.393700787401575	0.124253801776715	TSS
0.1	7.4922600619195	0.655102405133324	PolyA
0.2	6.62538699690402	0.618918935073873	PolyA
0.3	5.32507739938081	0.558719949360524	PolyA
0.4	4.14860681114551	0.496208374436932	PolyA
0.5	3.34365325077399	0.447341862344187	PolyA
0.6	2.72445820433437	0.405093841458722	PolyA
0.7	1.671826625387	0.319042354082756	PolyA
